2.000000000000000000e+01 1.000000000000000056e-01 1.000000000000000056e-01 1.036666666666666625e+00 1.523807366069900748e+00 1.100000000000000000e+01
2.000000000000000000e+01 1.000000000000000056e-01 5.000000000000000000e-01 1.196666666666666767e+00 2.004492177307980683e+00 1.600000000000000000e+01
2.000000000000000000e+01 1.000000000000000056e-01 9.000000000000000222e-01 1.000000000000000000e+00 1.336662510384228009e+00 8.000000000000000000e+00
2.000000000000000000e+01 1.000000000000000056e-01 1.300000000000000266e+00 8.000000000000000444e-01 9.797958971132698647e-01 6.000000000000000000e+00
2.000000000000000000e+01 1.000000000000000056e-01 1.700000000000000178e+00 9.966666666666667007e-01 1.420089981499608189e+00 1.000000000000000000e+01
2.000000000000000000e+01 5.000000000000000000e-01 1.000000000000000056e-01 1.136666666666666714e+00 1.674710588595998306e+00 1.500000000000000000e+01
2.000000000000000000e+01 5.000000000000000000e-01 5.000000000000000000e-01 1.266666666666666607e+00 1.820866704499689126e+00 1.100000000000000000e+01
2.000000000000000000e+01 5.000000000000000000e-01 9.000000000000000222e-01 8.466666666666666785e-01 1.078496896405156003e+00 6.000000000000000000e+00
2.000000000000000000e+01 5.000000000000000000e-01 1.300000000000000266e+00 1.153333333333333321e+00 1.590541487111299945e+00 1.000000000000000000e+01
2.000000000000000000e+01 5.000000000000000000e-01 1.700000000000000178e+00 1.303333333333333233e+00 1.806835785442482800e+00 1.100000000000000000e+01
2.000000000000000000e+01 9.000000000000000222e-01 1.000000000000000056e-01 1.233333333333333393e+00 1.762258651718174640e+00 1.400000000000000000e+01
2.000000000000000000e+01 9.000000000000000222e-01 5.000000000000000000e-01 1.193333333333333357e+00 1.506415908336370180e+00 1.200000000000000000e+01
2.000000000000000000e+01 9.000000000000000222e-01 9.000000000000000222e-01 9.100000000000000311e-01 1.369391592399097579e+00 7.000000000000000000e+00
2.000000000000000000e+01 9.000000000000000222e-01 1.300000000000000266e+00 1.260000000000000009e+00 1.686930150697809605e+00 1.300000000000000000e+01
2.000000000000000000e+01 9.000000000000000222e-01 1.700000000000000178e+00 1.386666666666666714e+00 2.178031731224828071e+00 1.600000000000000000e+01
3.000000000000000000e+01 1.000000000000000056e-01 1.000000000000000056e-01 8.303333333333332789e+00 1.816364470278167786e+01 1.550000000000000000e+02
3.000000000000000000e+01 1.000000000000000056e-01 5.000000000000000000e-01 9.866666666666667140e+00 1.990734091289497698e+01 1.390000000000000000e+02
3.000000000000000000e+01 1.000000000000000056e-01 9.000000000000000222e-01 1.139000000000000057e+01 2.394238709903421025e+01 1.840000000000000000e+02
3.000000000000000000e+01 1.000000000000000056e-01 1.300000000000000266e+00 4.946666666666666323e+00 1.069939977548066068e+01 1.220000000000000000e+02
3.000000000000000000e+01 1.000000000000000056e-01 1.700000000000000178e+00 5.660000000000000142e+00 1.164578893849617813e+01 1.180000000000000000e+02
3.000000000000000000e+01 5.000000000000000000e-01 1.000000000000000056e-01 1.343999999999999950e+01 3.259467850227497365e+01 2.550000000000000000e+02
3.000000000000000000e+01 5.000000000000000000e-01 5.000000000000000000e-01 1.240000000000000036e+01 3.268485887991563033e+01 3.300000000000000000e+02
3.000000000000000000e+01 5.000000000000000000e-01 9.000000000000000222e-01 1.270666666666666700e+01 2.749085827850576536e+01 2.770000000000000000e+02
3.000000000000000000e+01 5.000000000000000000e-01 1.300000000000000266e+00 1.205000000000000071e+01 2.409441498217655564e+01 2.110000000000000000e+02
3.000000000000000000e+01 5.000000000000000000e-01 1.700000000000000178e+00 1.278666666666666707e+01 2.097731684992678325e+01 1.440000000000000000e+02
3.000000000000000000e+01 9.000000000000000222e-01 1.000000000000000056e-01 1.294666666666666721e+01 2.468462049311046158e+01 2.680000000000000000e+02
3.000000000000000000e+01 9.000000000000000222e-01 5.000000000000000000e-01 9.970000000000000639e+00 1.952184502892422202e+01 1.650000000000000000e+02
3.000000000000000000e+01 9.000000000000000222e-01 9.000000000000000222e-01 8.753333333333333854e+00 1.968533690056862895e+01 1.670000000000000000e+02
3.000000000000000000e+01 9.000000000000000222e-01 1.300000000000000266e+00 1.011666666666666714e+01 2.513304044922185909e+01 1.910000000000000000e+02
3.000000000000000000e+01 9.000000000000000222e-01 1.700000000000000178e+00 9.296666666666666856e+00 2.137261461673688956e+01 1.810000000000000000e+02
4.000000000000000000e+01 1.000000000000000056e-01 1.000000000000000056e-01 4.936666666666666536e+00 7.099717521767241912e+00 4.800000000000000000e+01
4.000000000000000000e+01 1.000000000000000056e-01 5.000000000000000000e-01 2.113333333333333286e+00 3.358643906234908716e+00 2.400000000000000000e+01
4.000000000000000000e+01 1.000000000000000056e-01 9.000000000000000222e-01 1.889999999999999902e+00 3.693855257947534998e+00 3.900000000000000000e+01
4.000000000000000000e+01 1.000000000000000056e-01 1.300000000000000266e+00 2.823333333333333250e+00 6.414472352076633577e+00 7.700000000000000000e+01
4.000000000000000000e+01 1.000000000000000056e-01 1.700000000000000178e+00 3.356666666666666465e+00 7.090095595657064820e+00 5.200000000000000000e+01
4.000000000000000000e+01 5.000000000000000000e-01 1.000000000000000056e-01 2.986666666666666803e+00 7.965748901111266100e+00 7.900000000000000000e+01
4.000000000000000000e+01 5.000000000000000000e-01 5.000000000000000000e-01 2.660000000000000142e+00 4.167061314643691894e+00 3.700000000000000000e+01
4.000000000000000000e+01 5.000000000000000000e-01 9.000000000000000222e-01 2.270000000000000018e+00 2.996180902415610969e+00 1.700000000000000000e+01
4.000000000000000000e+01 5.000000000000000000e-01 1.300000000000000266e+00 2.796666666666666856e+00 5.449953108870652763e+00 4.500000000000000000e+01
4.000000000000000000e+01 5.000000000000000000e-01 1.700000000000000178e+00 2.140000000000000124e+00 3.159177108045700955e+00 1.900000000000000000e+01
4.000000000000000000e+01 9.000000000000000222e-01 1.000000000000000056e-01 2.126666666666666483e+00 3.589422732913412073e+00 2.900000000000000000e+01
4.000000000000000000e+01 9.000000000000000222e-01 5.000000000000000000e-01 3.859999999999999876e+00 5.775269113498813667e+00 4.400000000000000000e+01
4.000000000000000000e+01 9.000000000000000222e-01 9.000000000000000222e-01 3.353333333333333499e+00 8.660359243254417194e+00 9.200000000000000000e+01
4.000000000000000000e+01 9.000000000000000222e-01 1.300000000000000266e+00 2.963333333333333375e+00 4.905981609785706077e+00 4.700000000000000000e+01
4.000000000000000000e+01 9.000000000000000222e-01 1.700000000000000178e+00 3.266666666666666607e+00 7.799715094511826763e+00 9.000000000000000000e+01
