2.000000000000000000e+01 1.000000000000000056e-01 1.000000000000000056e-01 7.700000000000000178e-01 9.039358384310250960e-01 4.000000000000000000e+00
2.000000000000000000e+01 1.000000000000000056e-01 4.000000000000000222e-01 7.500000000000000000e-01 1.071214264281427520e+00 5.000000000000000000e+00
2.000000000000000000e+01 1.000000000000000056e-01 7.000000000000000666e-01 9.399999999999999467e-01 1.310114498812985806e+00 7.000000000000000000e+00
2.000000000000000000e+01 1.000000000000000056e-01 1.000000000000000222e+00 7.199999999999999734e-01 1.049571341072154329e+00 5.000000000000000000e+00
2.000000000000000000e+01 1.000000000000000056e-01 1.300000000000000266e+00 6.999999999999999556e-01 9.848857801796105926e-01 5.000000000000000000e+00
2.000000000000000000e+01 1.000000000000000056e-01 1.600000000000000311e+00 6.300000000000000044e-01 1.055035544424926197e+00 6.000000000000000000e+00
2.000000000000000000e+01 1.000000000000000056e-01 1.900000000000000355e+00 7.800000000000000266e-01 1.179660968244690133e+00 7.000000000000000000e+00
2.000000000000000000e+01 3.000000000000000444e-01 1.000000000000000056e-01 7.600000000000000089e-01 1.192644121270045376e+00 6.000000000000000000e+00
2.000000000000000000e+01 3.000000000000000444e-01 4.000000000000000222e-01 6.500000000000000222e-01 9.733961166965893197e-01 6.000000000000000000e+00
2.000000000000000000e+01 3.000000000000000444e-01 7.000000000000000666e-01 9.200000000000000400e-01 1.501199520383616814e+00 9.000000000000000000e+00
2.000000000000000000e+01 3.000000000000000444e-01 1.000000000000000222e+00 9.499999999999999556e-01 1.219631091765046804e+00 6.000000000000000000e+00
2.000000000000000000e+01 3.000000000000000444e-01 1.300000000000000266e+00 6.899999999999999467e-01 8.086408349817616470e-01 3.000000000000000000e+00
2.000000000000000000e+01 3.000000000000000444e-01 1.600000000000000311e+00 6.500000000000000222e-01 1.003742994994236692e+00 6.000000000000000000e+00
2.000000000000000000e+01 3.000000000000000444e-01 1.900000000000000355e+00 5.799999999999999600e-01 8.623224454924038884e-01 3.000000000000000000e+00
2.000000000000000000e+01 5.000000000000001110e-01 1.000000000000000056e-01 6.600000000000000311e-01 9.079647570252928901e-01 6.000000000000000000e+00
2.000000000000000000e+01 5.000000000000001110e-01 4.000000000000000222e-01 4.799999999999999822e-01 7.678541528180992115e-01 3.000000000000000000e+00
2.000000000000000000e+01 5.000000000000001110e-01 7.000000000000000666e-01 6.400000000000000133e-01 9.951884243699781196e-01 5.000000000000000000e+00
2.000000000000000000e+01 5.000000000000001110e-01 1.000000000000000222e+00 6.899999999999999467e-01 1.205777757300242392e+00 6.000000000000000000e+00
2.000000000000000000e+01 5.000000000000001110e-01 1.300000000000000266e+00 6.400000000000000133e-01 1.015086203235961104e+00 5.000000000000000000e+00
2.000000000000000000e+01 5.000000000000001110e-01 1.600000000000000311e+00 6.899999999999999467e-01 9.348261870529736006e-01 4.000000000000000000e+00
2.000000000000000000e+01 5.000000000000001110e-01 1.900000000000000355e+00 6.099999999999999867e-01 8.819863944528857358e-01 5.000000000000000000e+00
2.000000000000000000e+01 7.000000000000000666e-01 1.000000000000000056e-01 5.100000000000000089e-01 8.061637550770935912e-01 4.000000000000000000e+00
2.000000000000000000e+01 7.000000000000000666e-01 4.000000000000000222e-01 6.800000000000000488e-01 1.147867588182539533e+00 8.000000000000000000e+00
2.000000000000000000e+01 7.000000000000000666e-01 7.000000000000000666e-01 8.000000000000000444e-01 1.104536101718726293e+00 6.000000000000000000e+00
2.000000000000000000e+01 7.000000000000000666e-01 1.000000000000000222e+00 8.399999999999999689e-01 1.092886087385140037e+00 5.000000000000000000e+00
2.000000000000000000e+01 7.000000000000000666e-01 1.300000000000000266e+00 6.999999999999999556e-01 8.544003745317533260e-01 3.000000000000000000e+00
2.000000000000000000e+01 7.000000000000000666e-01 1.600000000000000311e+00 7.099999999999999645e-01 1.051617801294748134e+00 5.000000000000000000e+00
2.000000000000000000e+01 7.000000000000000666e-01 1.900000000000000355e+00 7.500000000000000000e-01 1.061838029079765100e+00 5.000000000000000000e+00
2.000000000000000000e+01 9.000000000000001332e-01 1.000000000000000056e-01 7.800000000000000266e-01 1.127652428720836042e+00 7.000000000000000000e+00
2.000000000000000000e+01 9.000000000000001332e-01 4.000000000000000222e-01 8.000000000000000444e-01 1.140175425099138495e+00 5.000000000000000000e+00
2.000000000000000000e+01 9.000000000000001332e-01 7.000000000000000666e-01 8.299999999999999600e-01 1.131856881412133031e+00 4.000000000000000000e+00
2.000000000000000000e+01 9.000000000000001332e-01 1.000000000000000222e+00 6.800000000000000488e-01 1.165160933090360951e+00 8.000000000000000000e+00
2.000000000000000000e+01 9.000000000000001332e-01 1.300000000000000266e+00 5.699999999999999512e-01 8.515280382935135339e-01 4.000000000000000000e+00
2.000000000000000000e+01 9.000000000000001332e-01 1.600000000000000311e+00 6.199999999999999956e-01 9.775479527879948893e-01 5.000000000000000000e+00
2.000000000000000000e+01 9.000000000000001332e-01 1.900000000000000355e+00 7.800000000000000266e-01 1.127652428720836264e+00 5.000000000000000000e+00
3.000000000000000000e+01 1.000000000000000056e-01 1.000000000000000056e-01 1.080000000000000071e+00 1.180508365069896204e+00 5.000000000000000000e+00
3.000000000000000000e+01 1.000000000000000056e-01 4.000000000000000222e-01 9.000000000000000222e-01 1.345362404707371118e+00 6.000000000000000000e+00
3.000000000000000000e+01 1.000000000000000056e-01 7.000000000000000666e-01 7.900000000000000355e-01 1.002945661539048627e+00 5.000000000000000000e+00
3.000000000000000000e+01 1.000000000000000056e-01 1.000000000000000222e+00 9.000000000000000222e-01 1.072380529476360866e+00 6.000000000000000000e+00
3.000000000000000000e+01 1.000000000000000056e-01 1.300000000000000266e+00 1.199999999999999956e+00 1.618641405623864271e+00 8.000000000000000000e+00
3.000000000000000000e+01 1.000000000000000056e-01 1.600000000000000311e+00 1.610000000000000098e+00 2.323338115729176589e+00 1.500000000000000000e+01
3.000000000000000000e+01 1.000000000000000056e-01 1.900000000000000355e+00 1.280000000000000027e+00 1.523679756379272554e+00 6.000000000000000000e+00
3.000000000000000000e+01 3.000000000000000444e-01 1.000000000000000056e-01 1.250000000000000000e+00 1.946150045602856427e+00 1.400000000000000000e+01
3.000000000000000000e+01 3.000000000000000444e-01 4.000000000000000222e-01 9.899999999999999911e-01 1.220614599290046343e+00 7.000000000000000000e+00
3.000000000000000000e+01 3.000000000000000444e-01 7.000000000000000666e-01 1.100000000000000089e+00 1.417744687875782672e+00 5.000000000000000000e+00
3.000000000000000000e+01 3.000000000000000444e-01 1.000000000000000222e+00 1.280000000000000027e+00 1.673798076232613674e+00 7.000000000000000000e+00
3.000000000000000000e+01 3.000000000000000444e-01 1.300000000000000266e+00 1.129999999999999893e+00 1.301191761424887350e+00 6.000000000000000000e+00
3.000000000000000000e+01 3.000000000000000444e-01 1.600000000000000311e+00 1.310000000000000053e+00 1.803856978809572853e+00 1.000000000000000000e+01
3.000000000000000000e+01 3.000000000000000444e-01 1.900000000000000355e+00 1.129999999999999893e+00 1.665262742032019627e+00 1.000000000000000000e+01
3.000000000000000000e+01 5.000000000000001110e-01 1.000000000000000056e-01 1.000000000000000000e+00 1.503329637837290678e+00 8.000000000000000000e+00
3.000000000000000000e+01 5.000000000000001110e-01 4.000000000000000222e-01 1.409999999999999920e+00 1.960076529118186972e+00 1.000000000000000000e+01
3.000000000000000000e+01 5.000000000000001110e-01 7.000000000000000666e-01 9.100000000000000311e-01 1.304568894309534377e+00 6.000000000000000000e+00
3.000000000000000000e+01 5.000000000000001110e-01 1.000000000000000222e+00 9.599999999999999645e-01 1.215894732285653035e+00 5.000000000000000000e+00
3.000000000000000000e+01 5.000000000000001110e-01 1.300000000000000266e+00 1.590000000000000080e+00 2.319892238876624990e+00 1.100000000000000000e+01
3.000000000000000000e+01 5.000000000000001110e-01 1.600000000000000311e+00 9.799999999999999822e-01 1.264752940300990502e+00 6.000000000000000000e+00
3.000000000000000000e+01 5.000000000000001110e-01 1.900000000000000355e+00 1.060000000000000053e+00 1.263487237766967031e+00 6.000000000000000000e+00
3.000000000000000000e+01 7.000000000000000666e-01 1.000000000000000056e-01 1.370000000000000107e+00 1.628833938742682452e+00 7.000000000000000000e+00
3.000000000000000000e+01 7.000000000000000666e-01 4.000000000000000222e-01 1.270000000000000018e+00 1.886027571378531498e+00 9.000000000000000000e+00
3.000000000000000000e+01 7.000000000000000666e-01 7.000000000000000666e-01 8.699999999999999956e-01 1.254232833249074419e+00 8.000000000000000000e+00
3.000000000000000000e+01 7.000000000000000666e-01 1.000000000000000222e+00 9.300000000000000488e-01 1.372989439143652124e+00 6.000000000000000000e+00
3.000000000000000000e+01 7.000000000000000666e-01 1.300000000000000266e+00 1.229999999999999982e+00 1.642284993537967086e+00 8.000000000000000000e+00
3.000000000000000000e+01 7.000000000000000666e-01 1.600000000000000311e+00 9.300000000000000488e-01 1.251039567719582468e+00 6.000000000000000000e+00
3.000000000000000000e+01 7.000000000000000666e-01 1.900000000000000355e+00 1.310000000000000053e+00 1.937498387096102670e+00 1.100000000000000000e+01
3.000000000000000000e+01 9.000000000000001332e-01 1.000000000000000056e-01 9.200000000000000400e-01 1.301383878799795335e+00 7.000000000000000000e+00
3.000000000000000000e+01 9.000000000000001332e-01 4.000000000000000222e-01 1.209999999999999964e+00 1.589308025525574264e+00 9.000000000000000000e+00
3.000000000000000000e+01 9.000000000000001332e-01 7.000000000000000666e-01 1.199999999999999956e+00 1.697056274847713819e+00 1.000000000000000000e+01
3.000000000000000000e+01 9.000000000000001332e-01 1.000000000000000222e+00 1.189999999999999947e+00 1.653450936677590466e+00 8.000000000000000000e+00
3.000000000000000000e+01 9.000000000000001332e-01 1.300000000000000266e+00 1.209999999999999964e+00 1.692896925391501828e+00 7.000000000000000000e+00
3.000000000000000000e+01 9.000000000000001332e-01 1.600000000000000311e+00 1.110000000000000098e+00 1.434538253236908645e+00 6.000000000000000000e+00
3.000000000000000000e+01 9.000000000000001332e-01 1.900000000000000355e+00 8.299999999999999600e-01 1.476854766048442125e+00 1.100000000000000000e+01
4.000000000000000000e+01 1.000000000000000056e-01 1.000000000000000056e-01 2.000000000000000000e+00 2.449489742783177881e+00 1.300000000000000000e+01
4.000000000000000000e+01 1.000000000000000056e-01 4.000000000000000222e-01 1.949999999999999956e+00 2.155806113731010054e+00 1.000000000000000000e+01
4.000000000000000000e+01 1.000000000000000056e-01 7.000000000000000666e-01 3.089999999999999858e+00 3.893828450253041140e+00 2.200000000000000000e+01
4.000000000000000000e+01 1.000000000000000056e-01 1.000000000000000222e+00 1.879999999999999893e+00 1.945661841122449554e+00 8.000000000000000000e+00
4.000000000000000000e+01 1.000000000000000056e-01 1.300000000000000266e+00 1.320000000000000062e+00 2.068235963327201166e+00 1.600000000000000000e+01
4.000000000000000000e+01 1.000000000000000056e-01 1.600000000000000311e+00 2.290000000000000036e+00 3.037416665523517079e+00 1.400000000000000000e+01
4.000000000000000000e+01 1.000000000000000056e-01 1.900000000000000355e+00 1.610000000000000098e+00 2.162845348146741564e+00 1.200000000000000000e+01
4.000000000000000000e+01 3.000000000000000444e-01 1.000000000000000056e-01 2.779999999999999805e+00 3.946086669093825439e+00 1.500000000000000000e+01
4.000000000000000000e+01 3.000000000000000444e-01 4.000000000000000222e-01 1.969999999999999973e+00 2.597903000498671844e+00 1.400000000000000000e+01
4.000000000000000000e+01 3.000000000000000444e-01 7.000000000000000666e-01 2.729999999999999982e+00 4.460616549312437229e+00 3.500000000000000000e+01
4.000000000000000000e+01 3.000000000000000444e-01 1.000000000000000222e+00 1.209999999999999964e+00 2.654411422519124208e+00 2.400000000000000000e+01
4.000000000000000000e+01 3.000000000000000444e-01 1.300000000000000266e+00 2.779999999999999805e+00 3.858963591432290841e+00 2.300000000000000000e+01
4.000000000000000000e+01 3.000000000000000444e-01 1.600000000000000311e+00 2.299999999999999822e+00 2.747726332806817329e+00 1.600000000000000000e+01
4.000000000000000000e+01 3.000000000000000444e-01 1.900000000000000355e+00 2.069999999999999840e+00 2.974071283611070093e+00 1.700000000000000000e+01
4.000000000000000000e+01 5.000000000000001110e-01 1.000000000000000056e-01 2.149999999999999911e+00 2.601441907865712277e+00 1.400000000000000000e+01
4.000000000000000000e+01 5.000000000000001110e-01 4.000000000000000222e-01 3.270000000000000018e+00 4.139698056622004962e+00 2.300000000000000000e+01
4.000000000000000000e+01 5.000000000000001110e-01 7.000000000000000666e-01 2.689999999999999947e+00 4.119939319941496869e+00 2.800000000000000000e+01
4.000000000000000000e+01 5.000000000000001110e-01 1.000000000000000222e+00 2.080000000000000071e+00 2.809555124926364833e+00 2.000000000000000000e+01
4.000000000000000000e+01 5.000000000000001110e-01 1.300000000000000266e+00 1.459999999999999964e+00 1.645721726173656752e+00 7.000000000000000000e+00
4.000000000000000000e+01 5.000000000000001110e-01 1.600000000000000311e+00 1.969999999999999973e+00 2.215648889151889289e+00 1.300000000000000000e+01
4.000000000000000000e+01 5.000000000000001110e-01 1.900000000000000355e+00 1.889999999999999902e+00 2.473438901610468310e+00 1.200000000000000000e+01
4.000000000000000000e+01 7.000000000000000666e-01 1.000000000000000056e-01 3.029999999999999805e+00 4.330023094626633373e+00 2.200000000000000000e+01
4.000000000000000000e+01 7.000000000000000666e-01 4.000000000000000222e-01 1.229999999999999982e+00 1.515618685553856260e+00 7.000000000000000000e+00
4.000000000000000000e+01 7.000000000000000666e-01 7.000000000000000666e-01 2.120000000000000107e+00 2.790268804255246149e+00 1.500000000000000000e+01
4.000000000000000000e+01 7.000000000000000666e-01 1.000000000000000222e+00 1.850000000000000089e+00 2.389037463080058821e+00 1.300000000000000000e+01
4.000000000000000000e+01 7.000000000000000666e-01 1.300000000000000266e+00 1.820000000000000062e+00 2.104186303538733593e+00 1.100000000000000000e+01
4.000000000000000000e+01 7.000000000000000666e-01 1.600000000000000311e+00 1.600000000000000089e+00 1.667333200053306985e+00 8.000000000000000000e+00
4.000000000000000000e+01 7.000000000000000666e-01 1.900000000000000355e+00 1.620000000000000107e+00 1.869652374105946313e+00 1.000000000000000000e+01
4.000000000000000000e+01 9.000000000000001332e-01 1.000000000000000056e-01 3.009999999999999787e+00 3.930636080839843949e+00 2.000000000000000000e+01
4.000000000000000000e+01 9.000000000000001332e-01 4.000000000000000222e-01 1.439999999999999947e+00 1.570477634352046348e+00 6.000000000000000000e+00
4.000000000000000000e+01 9.000000000000001332e-01 7.000000000000000666e-01 4.780000000000000249e+00 9.220173534158671913e+00 6.400000000000000000e+01
4.000000000000000000e+01 9.000000000000001332e-01 1.000000000000000222e+00 2.020000000000000018e+00 3.246475011454731163e+00 1.700000000000000000e+01
4.000000000000000000e+01 9.000000000000001332e-01 1.300000000000000266e+00 2.580000000000000071e+00 3.677444765050863040e+00 1.700000000000000000e+01
4.000000000000000000e+01 9.000000000000001332e-01 1.600000000000000311e+00 2.189999999999999947e+00 2.689591046980935651e+00 1.300000000000000000e+01
4.000000000000000000e+01 9.000000000000001332e-01 1.900000000000000355e+00 4.870000000000000107e+00 8.423366310448571426e+00 3.800000000000000000e+01
5.000000000000000000e+01 1.000000000000000056e-01 1.000000000000000056e-01 2.089999999999999858e+00 2.863895947830507271e+00 1.700000000000000000e+01
5.000000000000000000e+01 1.000000000000000056e-01 4.000000000000000222e-01 3.109999999999999876e+00 4.376973840451870323e+00 1.900000000000000000e+01
5.000000000000000000e+01 1.000000000000000056e-01 7.000000000000000666e-01 3.040000000000000036e+00 4.451786158386317638e+00 2.500000000000000000e+01
5.000000000000000000e+01 1.000000000000000056e-01 1.000000000000000222e+00 1.959999999999999964e+00 2.959459410095025333e+00 1.600000000000000000e+01
5.000000000000000000e+01 1.000000000000000056e-01 1.300000000000000266e+00 2.970000000000000195e+00 3.656377989212822754e+00 2.000000000000000000e+01
5.000000000000000000e+01 1.000000000000000056e-01 1.600000000000000311e+00 2.990000000000000213e+00 3.961047841165263872e+00 2.600000000000000000e+01
5.000000000000000000e+01 1.000000000000000056e-01 1.900000000000000355e+00 2.600000000000000089e+00 2.915475947422649483e+00 1.700000000000000000e+01
5.000000000000000000e+01 3.000000000000000444e-01 1.000000000000000056e-01 3.600000000000000089e+00 7.200000000000001066e+00 5.900000000000000000e+01
5.000000000000000000e+01 3.000000000000000444e-01 4.000000000000000222e-01 1.979999999999999982e+00 2.615262893095070318e+00 1.200000000000000000e+01
5.000000000000000000e+01 3.000000000000000444e-01 7.000000000000000666e-01 2.859999999999999876e+00 4.103705642465111048e+00 2.600000000000000000e+01
5.000000000000000000e+01 3.000000000000000444e-01 1.000000000000000222e+00 2.810000000000000053e+00 4.820155599148226777e+00 2.800000000000000000e+01
5.000000000000000000e+01 3.000000000000000444e-01 1.300000000000000266e+00 2.339999999999999858e+00 3.909526825588998999e+00 2.200000000000000000e+01
5.000000000000000000e+01 3.000000000000000444e-01 1.600000000000000311e+00 2.069999999999999840e+00 2.754106025555298487e+00 1.800000000000000000e+01
5.000000000000000000e+01 3.000000000000000444e-01 1.900000000000000355e+00 3.779999999999999805e+00 5.391808601944250157e+00 3.300000000000000000e+01
5.000000000000000000e+01 5.000000000000001110e-01 1.000000000000000056e-01 2.009999999999999787e+00 2.937669144066431759e+00 2.000000000000000000e+01
5.000000000000000000e+01 5.000000000000001110e-01 4.000000000000000222e-01 2.089999999999999858e+00 3.159414502720401252e+00 2.100000000000000000e+01
5.000000000000000000e+01 5.000000000000001110e-01 7.000000000000000666e-01 2.080000000000000071e+00 3.738127873682225655e+00 2.500000000000000000e+01
5.000000000000000000e+01 5.000000000000001110e-01 1.000000000000000222e+00 3.540000000000000036e+00 4.537444214533111975e+00 2.000000000000000000e+01
5.000000000000000000e+01 5.000000000000001110e-01 1.300000000000000266e+00 2.189999999999999947e+00 3.199046733012822941e+00 2.300000000000000000e+01
5.000000000000000000e+01 5.000000000000001110e-01 1.600000000000000311e+00 2.839999999999999858e+00 4.757562401062122248e+00 2.500000000000000000e+01
5.000000000000000000e+01 5.000000000000001110e-01 1.900000000000000355e+00 2.629999999999999893e+00 4.248893973730104356e+00 2.200000000000000000e+01
5.000000000000000000e+01 7.000000000000000666e-01 1.000000000000000056e-01 2.640000000000000124e+00 3.539830504416842771e+00 1.900000000000000000e+01
5.000000000000000000e+01 7.000000000000000666e-01 4.000000000000000222e-01 2.100000000000000089e+00 3.551056180912942395e+00 2.500000000000000000e+01
5.000000000000000000e+01 7.000000000000000666e-01 7.000000000000000666e-01 1.510000000000000009e+00 2.151720242038914321e+00 1.100000000000000000e+01
5.000000000000000000e+01 7.000000000000000666e-01 1.000000000000000222e+00 2.229999999999999982e+00 2.986151369237667108e+00 1.700000000000000000e+01
5.000000000000000000e+01 7.000000000000000666e-01 1.300000000000000266e+00 3.540000000000000036e+00 4.712578911806144077e+00 2.700000000000000000e+01
5.000000000000000000e+01 7.000000000000000666e-01 1.600000000000000311e+00 4.809999999999999609e+00 7.577196051310799874e+00 4.100000000000000000e+01
5.000000000000000000e+01 7.000000000000000666e-01 1.900000000000000355e+00 2.939999999999999947e+00 5.230334597327403579e+00 4.300000000000000000e+01
5.000000000000000000e+01 9.000000000000001332e-01 1.000000000000000056e-01 2.939999999999999947e+00 3.605052010720511735e+00 1.700000000000000000e+01
5.000000000000000000e+01 9.000000000000001332e-01 4.000000000000000222e-01 2.390000000000000124e+00 3.130159740332751461e+00 1.900000000000000000e+01
5.000000000000000000e+01 9.000000000000001332e-01 7.000000000000000666e-01 2.220000000000000195e+00 2.981878602492059827e+00 1.700000000000000000e+01
5.000000000000000000e+01 9.000000000000001332e-01 1.000000000000000222e+00 3.250000000000000000e+00 6.512104114646816377e+00 4.400000000000000000e+01
5.000000000000000000e+01 9.000000000000001332e-01 1.300000000000000266e+00 2.649999999999999911e+00 3.584340943604556795e+00 2.500000000000000000e+01
5.000000000000000000e+01 9.000000000000001332e-01 1.600000000000000311e+00 2.740000000000000213e+00 4.281635201649014455e+00 2.900000000000000000e+01
5.000000000000000000e+01 9.000000000000001332e-01 1.900000000000000355e+00 2.529999999999999805e+00 4.229550803572408313e+00 2.300000000000000000e+01
