2.000000000000000000e+01 1.000000000000000056e-01 1.000000000000000056e-01 5.899999999999999689e-01 8.728688332160796648e-01 5.000000000000000000e+00
2.000000000000000000e+01 1.000000000000000056e-01 4.000000000000000222e-01 7.500000000000000000e-01 9.733961166965892087e-01 4.000000000000000000e+00
2.000000000000000000e+01 1.000000000000000056e-01 7.000000000000000666e-01 6.199999999999999956e-01 8.096912991998862497e-01 3.000000000000000000e+00
2.000000000000000000e+01 1.000000000000000056e-01 1.000000000000000222e+00 8.399999999999999689e-01 1.214248738932843352e+00 7.000000000000000000e+00
2.000000000000000000e+01 1.000000000000000056e-01 1.300000000000000266e+00 7.600000000000000089e-01 1.289340916902895762e+00 8.000000000000000000e+00
2.000000000000000000e+01 1.000000000000000056e-01 1.600000000000000311e+00 6.199999999999999956e-01 9.141115905621148841e-01 4.000000000000000000e+00
2.000000000000000000e+01 1.000000000000000056e-01 1.900000000000000355e+00 8.399999999999999689e-01 9.871170143402449026e-01 6.000000000000000000e+00
2.000000000000000000e+01 3.000000000000000444e-01 1.000000000000000056e-01 5.899999999999999689e-01 8.613361713059545233e-01 4.000000000000000000e+00
2.000000000000000000e+01 3.000000000000000444e-01 4.000000000000000222e-01 4.199999999999999845e-01 6.352952069707438199e-01 3.000000000000000000e+00
2.000000000000000000e+01 3.000000000000000444e-01 7.000000000000000666e-01 5.899999999999999689e-01 9.909086738948249540e-01 4.000000000000000000e+00
2.000000000000000000e+01 3.000000000000000444e-01 1.000000000000000222e+00 5.699999999999999512e-01 8.746999485537881869e-01 4.000000000000000000e+00
2.000000000000000000e+01 3.000000000000000444e-01 1.300000000000000266e+00 7.600000000000000089e-01 9.604165762834373510e-01 3.000000000000000000e+00
2.000000000000000000e+01 3.000000000000000444e-01 1.600000000000000311e+00 7.500000000000000000e-01 8.874119674649424416e-01 4.000000000000000000e+00
2.000000000000000000e+01 3.000000000000000444e-01 1.900000000000000355e+00 6.600000000000000311e-01 9.921693403849966009e-01 5.000000000000000000e+00
2.000000000000000000e+01 5.000000000000001110e-01 1.000000000000000056e-01 9.799999999999999822e-01 1.216388095962797511e+00 6.000000000000000000e+00
2.000000000000000000e+01 5.000000000000001110e-01 4.000000000000000222e-01 8.399999999999999689e-01 1.146472851837320617e+00 5.000000000000000000e+00
2.000000000000000000e+01 5.000000000000001110e-01 7.000000000000000666e-01 8.900000000000000133e-01 1.325858212630597111e+00 6.000000000000000000e+00
2.000000000000000000e+01 5.000000000000001110e-01 1.000000000000000222e+00 7.800000000000000266e-01 1.127652428720836264e+00 6.000000000000000000e+00
2.000000000000000000e+01 5.000000000000001110e-01 1.300000000000000266e+00 6.999999999999999556e-01 1.144552314225959488e+00 5.000000000000000000e+00
2.000000000000000000e+01 5.000000000000001110e-01 1.600000000000000311e+00 8.100000000000000533e-01 9.559811713626997776e-01 4.000000000000000000e+00
2.000000000000000000e+01 5.000000000000001110e-01 1.900000000000000355e+00 6.800000000000000488e-01 1.085172797300043568e+00 5.000000000000000000e+00
2.000000000000000000e+01 7.000000000000000666e-01 1.000000000000000056e-01 7.500000000000000000e-01 1.042832680730710448e+00 4.000000000000000000e+00
2.000000000000000000e+01 7.000000000000000666e-01 4.000000000000000222e-01 4.099999999999999756e-01 7.361385739111897530e-01 3.000000000000000000e+00
2.000000000000000000e+01 7.000000000000000666e-01 7.000000000000000666e-01 6.700000000000000400e-01 9.492628719169416973e-01 5.000000000000000000e+00
2.000000000000000000e+01 7.000000000000000666e-01 1.000000000000000222e+00 9.200000000000000400e-01 9.967948635501693300e-01 4.000000000000000000e+00
2.000000000000000000e+01 7.000000000000000666e-01 1.300000000000000266e+00 6.400000000000000133e-01 8.890444308357147163e-01 4.000000000000000000e+00
2.000000000000000000e+01 7.000000000000000666e-01 1.600000000000000311e+00 5.899999999999999689e-01 8.613361713059544122e-01 5.000000000000000000e+00
2.000000000000000000e+01 7.000000000000000666e-01 1.900000000000000355e+00 7.299999999999999822e-01 9.576533819707420125e-01 4.000000000000000000e+00
2.000000000000000000e+01 9.000000000000001332e-01 1.000000000000000056e-01 7.800000000000000266e-01 1.100727032465361299e+00 5.000000000000000000e+00
2.000000000000000000e+01 9.000000000000001332e-01 4.000000000000000222e-01 9.200000000000000400e-01 1.110675470153185573e+00 5.000000000000000000e+00
2.000000000000000000e+01 9.000000000000001332e-01 7.000000000000000666e-01 9.499999999999999556e-01 1.472243186433545903e+00 1.000000000000000000e+01
2.000000000000000000e+01 9.000000000000001332e-01 1.000000000000000222e+00 4.899999999999999911e-01 8.659676668328900595e-01 3.000000000000000000e+00
2.000000000000000000e+01 9.000000000000001332e-01 1.300000000000000266e+00 5.600000000000000533e-01 1.022936948203553520e+00 5.000000000000000000e+00
2.000000000000000000e+01 9.000000000000001332e-01 1.600000000000000311e+00 6.999999999999999556e-01 9.433981132056600272e-01 4.000000000000000000e+00
2.000000000000000000e+01 9.000000000000001332e-01 1.900000000000000355e+00 8.900000000000000133e-01 1.223887249708893954e+00 6.000000000000000000e+00
3.000000000000000000e+01 1.000000000000000056e-01 1.000000000000000056e-01 9.599999999999999645e-01 1.448585516978545540e+00 8.000000000000000000e+00
3.000000000000000000e+01 1.000000000000000056e-01 4.000000000000000222e-01 1.169999999999999929e+00 2.030049260486060270e+00 1.500000000000000000e+01
3.000000000000000000e+01 1.000000000000000056e-01 7.000000000000000666e-01 1.040000000000000036e+00 1.240322538697092192e+00 6.000000000000000000e+00
3.000000000000000000e+01 1.000000000000000056e-01 1.000000000000000222e+00 1.610000000000000098e+00 1.917785180879234996e+00 8.000000000000000000e+00
3.000000000000000000e+01 1.000000000000000056e-01 1.300000000000000266e+00 1.189999999999999947e+00 1.566492898164559389e+00 9.000000000000000000e+00
3.000000000000000000e+01 1.000000000000000056e-01 1.600000000000000311e+00 9.399999999999999467e-01 1.164645868923253724e+00 5.000000000000000000e+00
3.000000000000000000e+01 1.000000000000000056e-01 1.900000000000000355e+00 1.620000000000000107e+00 2.505114767830009193e+00 1.900000000000000000e+01
3.000000000000000000e+01 3.000000000000000444e-01 1.000000000000000056e-01 8.199999999999999512e-01 1.203162499415603159e+00 8.000000000000000000e+00
3.000000000000000000e+01 3.000000000000000444e-01 4.000000000000000222e-01 1.129999999999999893e+00 1.432864264332111004e+00 6.000000000000000000e+00
3.000000000000000000e+01 3.000000000000000444e-01 7.000000000000000666e-01 9.699999999999999734e-01 1.252637218032420119e+00 5.000000000000000000e+00
3.000000000000000000e+01 3.000000000000000444e-01 1.000000000000000222e+00 1.100000000000000089e+00 1.532970971675589267e+00 9.000000000000000000e+00
3.000000000000000000e+01 3.000000000000000444e-01 1.300000000000000266e+00 1.399999999999999911e+00 1.618641405623865159e+00 6.000000000000000000e+00
3.000000000000000000e+01 3.000000000000000444e-01 1.600000000000000311e+00 1.209999999999999964e+00 1.518519015356738500e+00 6.000000000000000000e+00
3.000000000000000000e+01 3.000000000000000444e-01 1.900000000000000355e+00 1.040000000000000036e+00 1.348480626483006262e+00 7.000000000000000000e+00
3.000000000000000000e+01 5.000000000000001110e-01 1.000000000000000056e-01 1.110000000000000098e+00 1.399249798999450123e+00 7.000000000000000000e+00
3.000000000000000000e+01 5.000000000000001110e-01 4.000000000000000222e-01 1.139999999999999902e+00 1.643289384131717545e+00 9.000000000000000000e+00
3.000000000000000000e+01 5.000000000000001110e-01 7.000000000000000666e-01 1.219999999999999973e+00 1.603620902832087580e+00 7.000000000000000000e+00
3.000000000000000000e+01 5.000000000000001110e-01 1.000000000000000222e+00 1.060000000000000053e+00 1.355138369318794167e+00 6.000000000000000000e+00
3.000000000000000000e+01 5.000000000000001110e-01 1.300000000000000266e+00 1.129999999999999893e+00 1.622682963489788133e+00 8.000000000000000000e+00
3.000000000000000000e+01 5.000000000000001110e-01 1.600000000000000311e+00 1.169999999999999929e+00 1.510331089529708848e+00 8.000000000000000000e+00
3.000000000000000000e+01 5.000000000000001110e-01 1.900000000000000355e+00 1.649999999999999911e+00 2.215287791687572394e+00 1.100000000000000000e+01
3.000000000000000000e+01 7.000000000000000666e-01 1.000000000000000056e-01 2.109999999999999876e+00 3.205916405647533107e+00 1.700000000000000000e+01
3.000000000000000000e+01 7.000000000000000666e-01 4.000000000000000222e-01 8.900000000000000133e-01 1.223887249708893954e+00 6.000000000000000000e+00
3.000000000000000000e+01 7.000000000000000666e-01 7.000000000000000666e-01 1.520000000000000018e+00 2.046851240320116450e+00 1.200000000000000000e+01
3.000000000000000000e+01 7.000000000000000666e-01 1.000000000000000222e+00 1.070000000000000062e+00 1.243020514714058278e+00 5.000000000000000000e+00
3.000000000000000000e+01 7.000000000000000666e-01 1.300000000000000266e+00 1.350000000000000089e+00 1.687453703068620747e+00 9.000000000000000000e+00
3.000000000000000000e+01 7.000000000000000666e-01 1.600000000000000311e+00 1.629999999999999893e+00 2.261216486761053357e+00 1.200000000000000000e+01
3.000000000000000000e+01 7.000000000000000666e-01 1.900000000000000355e+00 1.189999999999999947e+00 1.361579964599950010e+00 6.000000000000000000e+00
3.000000000000000000e+01 9.000000000000001332e-01 1.000000000000000056e-01 7.399999999999999911e-01 1.179999999999999938e+00 7.000000000000000000e+00
3.000000000000000000e+01 9.000000000000001332e-01 4.000000000000000222e-01 1.320000000000000062e+00 1.448309359218533876e+00 6.000000000000000000e+00
3.000000000000000000e+01 9.000000000000001332e-01 7.000000000000000666e-01 1.340000000000000080e+00 1.674634288434343476e+00 9.000000000000000000e+00
3.000000000000000000e+01 9.000000000000001332e-01 1.000000000000000222e+00 1.260000000000000009e+00 1.911125322944573934e+00 1.200000000000000000e+01
3.000000000000000000e+01 9.000000000000001332e-01 1.300000000000000266e+00 8.800000000000000044e-01 1.133843022644668963e+00 5.000000000000000000e+00
3.000000000000000000e+01 9.000000000000001332e-01 1.600000000000000311e+00 1.100000000000000089e+00 1.646207763315432837e+00 1.200000000000000000e+01
3.000000000000000000e+01 9.000000000000001332e-01 1.900000000000000355e+00 1.649999999999999911e+00 2.308137777516758415e+00 1.300000000000000000e+01
4.000000000000000000e+01 1.000000000000000056e-01 1.000000000000000056e-01 2.129999999999999893e+00 3.097272994103037913e+00 1.700000000000000000e+01
4.000000000000000000e+01 1.000000000000000056e-01 4.000000000000000222e-01 1.479999999999999982e+00 1.763405795612569715e+00 8.000000000000000000e+00
4.000000000000000000e+01 1.000000000000000056e-01 7.000000000000000666e-01 2.930000000000000160e+00 4.952282302131008507e+00 4.200000000000000000e+01
4.000000000000000000e+01 1.000000000000000056e-01 1.000000000000000222e+00 3.490000000000000213e+00 5.121513448190875728e+00 2.600000000000000000e+01
4.000000000000000000e+01 1.000000000000000056e-01 1.300000000000000266e+00 2.470000000000000195e+00 3.263295879934885679e+00 1.700000000000000000e+01
4.000000000000000000e+01 1.000000000000000056e-01 1.600000000000000311e+00 1.760000000000000009e+00 1.871470010446333099e+00 9.000000000000000000e+00
4.000000000000000000e+01 1.000000000000000056e-01 1.900000000000000355e+00 2.129999999999999893e+00 2.488593980544034245e+00 1.100000000000000000e+01
4.000000000000000000e+01 3.000000000000000444e-01 1.000000000000000056e-01 2.290000000000000036e+00 3.636743048388214383e+00 1.900000000000000000e+01
4.000000000000000000e+01 3.000000000000000444e-01 4.000000000000000222e-01 4.769999999999999574e+00 9.148611916569640456e+00 5.200000000000000000e+01
4.000000000000000000e+01 3.000000000000000444e-01 7.000000000000000666e-01 2.250000000000000000e+00 3.305676935213119005e+00 2.000000000000000000e+01
4.000000000000000000e+01 3.000000000000000444e-01 1.000000000000000222e+00 2.000000000000000000e+00 3.146426544510454892e+00 2.400000000000000000e+01
4.000000000000000000e+01 3.000000000000000444e-01 1.300000000000000266e+00 4.370000000000000107e+00 5.923942943682019902e+00 3.000000000000000000e+01
4.000000000000000000e+01 3.000000000000000444e-01 1.600000000000000311e+00 2.509999999999999787e+00 2.896532409623617799e+00 1.200000000000000000e+01
4.000000000000000000e+01 3.000000000000000444e-01 1.900000000000000355e+00 3.899999999999999911e+00 7.395268757793728831e+00 3.700000000000000000e+01
4.000000000000000000e+01 5.000000000000001110e-01 1.000000000000000056e-01 2.410000000000000142e+00 2.757154330101962092e+00 1.300000000000000000e+01
4.000000000000000000e+01 5.000000000000001110e-01 4.000000000000000222e-01 2.279999999999999805e+00 2.530138336138954891e+00 1.300000000000000000e+01
4.000000000000000000e+01 5.000000000000001110e-01 7.000000000000000666e-01 3.399999999999999911e+00 4.915282290977803115e+00 3.000000000000000000e+01
4.000000000000000000e+01 5.000000000000001110e-01 1.000000000000000222e+00 1.459999999999999964e+00 1.846185256143054731e+00 8.000000000000000000e+00
4.000000000000000000e+01 5.000000000000001110e-01 1.300000000000000266e+00 2.419999999999999929e+00 3.397587379303141919e+00 1.800000000000000000e+01
4.000000000000000000e+01 5.000000000000001110e-01 1.600000000000000311e+00 3.140000000000000124e+00 4.125578747278980885e+00 3.100000000000000000e+01
4.000000000000000000e+01 5.000000000000001110e-01 1.900000000000000355e+00 4.059999999999999609e+00 7.476389502961975353e+00 4.700000000000000000e+01
4.000000000000000000e+01 7.000000000000000666e-01 1.000000000000000056e-01 2.830000000000000071e+00 5.180839700280254867e+00 4.300000000000000000e+01
4.000000000000000000e+01 7.000000000000000666e-01 4.000000000000000222e-01 1.479999999999999982e+00 2.381092186371623676e+00 1.700000000000000000e+01
4.000000000000000000e+01 7.000000000000000666e-01 7.000000000000000666e-01 2.009999999999999787e+00 2.851297950057131381e+00 1.400000000000000000e+01
4.000000000000000000e+01 7.000000000000000666e-01 1.000000000000000222e+00 1.689999999999999947e+00 1.863840121898871605e+00 1.000000000000000000e+01
4.000000000000000000e+01 7.000000000000000666e-01 1.300000000000000266e+00 2.009999999999999787e+00 3.038075048447618443e+00 1.800000000000000000e+01
4.000000000000000000e+01 7.000000000000000666e-01 1.600000000000000311e+00 2.149999999999999911e+00 3.210529551335729259e+00 2.500000000000000000e+01
4.000000000000000000e+01 7.000000000000000666e-01 1.900000000000000355e+00 3.649999999999999911e+00 5.109549882328186854e+00 2.700000000000000000e+01
4.000000000000000000e+01 9.000000000000001332e-01 1.000000000000000056e-01 1.239999999999999991e+00 1.800666543255579954e+00 9.000000000000000000e+00
4.000000000000000000e+01 9.000000000000001332e-01 4.000000000000000222e-01 2.589999999999999858e+00 4.042511595530679180e+00 1.900000000000000000e+01
4.000000000000000000e+01 9.000000000000001332e-01 7.000000000000000666e-01 1.800000000000000044e+00 2.336664289109584569e+00 1.200000000000000000e+01
4.000000000000000000e+01 9.000000000000001332e-01 1.000000000000000222e+00 4.769999999999999574e+00 1.070593760489944302e+01 6.300000000000000000e+01
4.000000000000000000e+01 9.000000000000001332e-01 1.300000000000000266e+00 1.689999999999999947e+00 2.322477125829229827e+00 1.600000000000000000e+01
4.000000000000000000e+01 9.000000000000001332e-01 1.600000000000000311e+00 2.140000000000000124e+00 3.231160782133875919e+00 1.900000000000000000e+01
4.000000000000000000e+01 9.000000000000001332e-01 1.900000000000000355e+00 2.560000000000000053e+00 3.302483913662562109e+00 1.900000000000000000e+01
5.000000000000000000e+01 1.000000000000000056e-01 1.000000000000000056e-01 2.689999999999999947e+00 3.468991207829734691e+00 2.200000000000000000e+01
5.000000000000000000e+01 1.000000000000000056e-01 4.000000000000000222e-01 3.399999999999999911e+00 3.633180424916989004e+00 1.800000000000000000e+01
5.000000000000000000e+01 1.000000000000000056e-01 7.000000000000000666e-01 1.899999999999999911e+00 2.978254522367085766e+00 1.800000000000000000e+01
5.000000000000000000e+01 1.000000000000000056e-01 1.000000000000000222e+00 2.450000000000000178e+00 3.216753021293367265e+00 1.700000000000000000e+01
5.000000000000000000e+01 1.000000000000000056e-01 1.300000000000000266e+00 3.799999999999999822e+00 6.140032573203500377e+00 3.400000000000000000e+01
5.000000000000000000e+01 1.000000000000000056e-01 1.600000000000000311e+00 2.700000000000000178e+00 4.129164564412516114e+00 2.300000000000000000e+01
5.000000000000000000e+01 1.000000000000000056e-01 1.900000000000000355e+00 2.850000000000000089e+00 4.248234927590514687e+00 2.100000000000000000e+01
5.000000000000000000e+01 3.000000000000000444e-01 1.000000000000000056e-01 2.109999999999999876e+00 3.236958448914658337e+00 1.600000000000000000e+01
5.000000000000000000e+01 3.000000000000000444e-01 4.000000000000000222e-01 2.410000000000000142e+00 3.696200752123726563e+00 2.800000000000000000e+01
5.000000000000000000e+01 3.000000000000000444e-01 7.000000000000000666e-01 2.370000000000000107e+00 2.590965071165567402e+00 1.300000000000000000e+01
5.000000000000000000e+01 3.000000000000000444e-01 1.000000000000000222e+00 2.040000000000000036e+00 2.866775191744201479e+00 1.500000000000000000e+01
5.000000000000000000e+01 3.000000000000000444e-01 1.300000000000000266e+00 2.350000000000000089e+00 3.290516676754580594e+00 1.600000000000000000e+01
5.000000000000000000e+01 3.000000000000000444e-01 1.600000000000000311e+00 1.909999999999999920e+00 3.589136386374862209e+00 3.100000000000000000e+01
5.000000000000000000e+01 3.000000000000000444e-01 1.900000000000000355e+00 2.430000000000000160e+00 4.492783101820074343e+00 3.200000000000000000e+01
5.000000000000000000e+01 5.000000000000001110e-01 1.000000000000000056e-01 2.640000000000000124e+00 4.801083211109760995e+00 3.200000000000000000e+01
5.000000000000000000e+01 5.000000000000001110e-01 4.000000000000000222e-01 2.160000000000000142e+00 3.220931542271584735e+00 1.600000000000000000e+01
5.000000000000000000e+01 5.000000000000001110e-01 7.000000000000000666e-01 2.790000000000000036e+00 4.052887859292432893e+00 1.900000000000000000e+01
5.000000000000000000e+01 5.000000000000001110e-01 1.000000000000000222e+00 3.189999999999999947e+00 4.529227307168406824e+00 2.600000000000000000e+01
5.000000000000000000e+01 5.000000000000001110e-01 1.300000000000000266e+00 2.339999999999999858e+00 3.347297417320426405e+00 1.700000000000000000e+01
5.000000000000000000e+01 5.000000000000001110e-01 1.600000000000000311e+00 2.520000000000000018e+00 4.674355570557288786e+00 3.900000000000000000e+01
5.000000000000000000e+01 5.000000000000001110e-01 1.900000000000000355e+00 2.430000000000000160e+00 4.195843181054316418e+00 3.300000000000000000e+01
5.000000000000000000e+01 7.000000000000000666e-01 1.000000000000000056e-01 2.729999999999999982e+00 4.551604112837582150e+00 2.700000000000000000e+01
5.000000000000000000e+01 7.000000000000000666e-01 4.000000000000000222e-01 2.370000000000000107e+00 3.348596721016132260e+00 1.700000000000000000e+01
5.000000000000000000e+01 7.000000000000000666e-01 7.000000000000000666e-01 2.509999999999999787e+00 3.978680685855549459e+00 2.200000000000000000e+01
5.000000000000000000e+01 7.000000000000000666e-01 1.000000000000000222e+00 2.910000000000000142e+00 4.507981810078653062e+00 2.900000000000000000e+01
5.000000000000000000e+01 7.000000000000000666e-01 1.300000000000000266e+00 2.589999999999999858e+00 3.997736859774540630e+00 2.200000000000000000e+01
5.000000000000000000e+01 7.000000000000000666e-01 1.600000000000000311e+00 2.830000000000000071e+00 3.566665109033929415e+00 1.900000000000000000e+01
5.000000000000000000e+01 7.000000000000000666e-01 1.900000000000000355e+00 2.669999999999999929e+00 4.047357162396221675e+00 2.000000000000000000e+01
5.000000000000000000e+01 9.000000000000001332e-01 1.000000000000000056e-01 2.859999999999999876e+00 3.535590474022691776e+00 1.700000000000000000e+01
5.000000000000000000e+01 9.000000000000001332e-01 4.000000000000000222e-01 2.549999999999999822e+00 3.456515586540874541e+00 1.700000000000000000e+01
5.000000000000000000e+01 9.000000000000001332e-01 7.000000000000000666e-01 2.790000000000000036e+00 3.368367557140996116e+00 1.700000000000000000e+01
5.000000000000000000e+01 9.000000000000001332e-01 1.000000000000000222e+00 1.989999999999999991e+00 3.357067172399145871e+00 1.900000000000000000e+01
5.000000000000000000e+01 9.000000000000001332e-01 1.300000000000000266e+00 2.910000000000000142e+00 5.683476049039004607e+00 4.900000000000000000e+01
5.000000000000000000e+01 9.000000000000001332e-01 1.600000000000000311e+00 2.430000000000000160e+00 3.076540264647936507e+00 1.400000000000000000e+01
5.000000000000000000e+01 9.000000000000001332e-01 1.900000000000000355e+00 1.580000000000000071e+00 2.227913822390803489e+00 1.300000000000000000e+01
