1.000000000000000000e+01 1.000000000000000056e-01 0.000000000000000000e+00 3.770000000000000018e-01 6.299769837065489764e-01 4.000000000000000000e+00
1.000000000000000000e+01 1.000000000000000056e-01 1.000000000000000000e+00 4.249999999999999889e-01 7.171994143890528806e-01 6.000000000000000000e+00
1.000000000000000000e+01 9.000000000000000222e-01 0.000000000000000000e+00 3.519999999999999796e-01 5.967377983670871799e-01 4.000000000000000000e+00
1.000000000000000000e+01 9.000000000000000222e-01 1.000000000000000000e+00 4.610000000000000209e-01 7.283398931817477440e-01 5.000000000000000000e+00
2.000000000000000000e+01 1.000000000000000056e-01 0.000000000000000000e+00 2.795200000000000173e+01 5.989719272219689827e+01 6.230000000000000000e+02
2.000000000000000000e+01 1.000000000000000056e-01 1.000000000000000000e+00 1.070100000000000051e+01 2.517851463053348482e+01 3.820000000000000000e+02
2.000000000000000000e+01 9.000000000000000222e-01 0.000000000000000000e+00 2.777199999999999847e+01 5.632967260689523670e+01 5.070000000000000000e+02
2.000000000000000000e+01 9.000000000000000222e-01 1.000000000000000000e+00 1.053899999999999970e+01 2.370566343724632219e+01 2.710000000000000000e+02
3.000000000000000000e+01 1.000000000000000056e-01 0.000000000000000000e+00 1.384099999999999930e+01 2.703815302493869055e+01 2.350000000000000000e+02
3.000000000000000000e+01 1.000000000000000056e-01 1.000000000000000000e+00 5.964000000000000412e+00 1.601645104259984365e+01 1.960000000000000000e+02
3.000000000000000000e+01 9.000000000000000222e-01 0.000000000000000000e+00 1.045199999999999996e+01 2.431694257097307599e+01 2.690000000000000000e+02
3.000000000000000000e+01 9.000000000000000222e-01 1.000000000000000000e+00 5.384999999999999787e+00 8.323987926468918275e+00 1.280000000000000000e+02
4.000000000000000000e+01 1.000000000000000056e-01 0.000000000000000000e+00 2.797000000000000153e+00 4.582771104910214000e+00 4.900000000000000000e+01
4.000000000000000000e+01 1.000000000000000056e-01 1.000000000000000000e+00 2.125999999999999890e+00 2.808580424342528303e+00 3.200000000000000000e+01
4.000000000000000000e+01 9.000000000000000222e-01 0.000000000000000000e+00 3.654999999999999805e+00 6.632192322301854404e+00 1.030000000000000000e+02
4.000000000000000000e+01 9.000000000000000222e-01 1.000000000000000000e+00 1.933000000000000052e+00 5.858883084684365805e+00 1.250000000000000000e+02
